0.000000 -0.000000
0.101342 -0.000000
0.202683 -4.052109
0.304025 -15.876650
0.405367 -38.550743
0.506708 -74.236536
0.608050 -123.966160
0.709392 -187.497406
0.810734 -263.250207
0.912075 -348.329530
1.013417 -438.635450
1.114759 -529.056255
1.216100 -613.735634
1.317442 -686.400635
1.418784 -740.733371
1.520125 -770.766530
1.621467 -771.280921
1.722809 -738.182477
1.824151 -668.836620
1.925492 -562.339456
2.026834 -419.708018
2.128176 -243.975485
2.229517 -40.181895
2.330859 184.743996
2.432201 422.210461
2.533542 662.289302
2.634884 894.130752
2.736226 1106.449468
2.837568 1288.059984
2.938909 1428.436717
3.040251 1518.271409
3.141593 1550.000000
3.242934 1518.271409
3.344276 1428.436717
3.445618 1288.059984
3.546959 1106.449468
3.648301 894.130752
3.749643 662.289302
3.850985 422.210461
3.952326 184.743996
4.053668 -40.181895
4.155010 -243.975485
4.256351 -419.708018
4.357693 -562.339456
4.459035 -668.836620
4.560376 -738.182477
4.661718 -771.280921
4.763060 -770.766530
4.864402 -740.733371
4.965743 -686.400635
5.067085 -613.735634
5.168427 -529.056255
5.269768 -438.635450
5.371110 -348.329530
5.472452 -263.250207
5.573793 -187.497406
5.675135 -123.966160
5.776477 -74.236536
5.877819 -38.550743
5.979160 -15.876650
6.080502 -4.052109
6.181844 -0.000000
6.283185 -0.000000
