0.000000
0.000000
-0.036208
-0.141833
-0.344281
-0.662746
-1.106346
-1.672942
-2.348722
-3.108587
-3.917325
-4.731512
-5.502030
-6.177045
-6.705270
-7.039318
-7.138912
-6.973783
-6.526044
-5.791889
-4.782512
-3.524162
-2.057316
-0.435012
1.279582
3.016235
4.701174
6.260872
7.625891
8.734541
9.536169
9.993875
10.086490
9.809722
9.176388
8.215721
6.971795
5.501158
3.869815
2.149723
0.415012
-1.261853
-2.813755
-4.182247
-5.320310
-6.194425
-6.785823
-7.090870
-7.120578
-6.899286
-6.462598
-5.854733
-5.125443
-4.326707
-3.509395
-2.720127
-1.998498
-1.374859
-0.868765
-0.488188
-0.229537
-0.078464
-0.011398
0.002299
-0.002299
0.011398
0.078464
0.229537
0.488188
0.868765
1.374859
1.998498
2.720127
3.509395
4.326707
5.125443
5.854733
6.462598
6.899286
7.120578
7.090870
6.785823
6.194425
5.320310
4.182247
2.813755
1.261853
-0.415012
-2.149723
-3.869815
-5.501158
-6.971795
-8.215721
-9.176388
-9.809722
-10.086490
-9.993875
-9.536169
-8.734541
-7.625891
-6.260872
-4.701174
-3.016235
-1.279582
0.435012
2.057316
3.524162
4.782512
5.791889
6.526044
6.973783
7.138912
7.039318
6.705270
6.177045
5.502030
4.731512
3.917325
3.108587
2.348722
1.672942
1.106346
0.662746
0.344281
0.141833
0.036208
0.000000
0.000000
0.000000
0.036208
0.141833
0.344281
0.662746
1.106346
1.672942
2.348722
3.108587
3.917325
4.731512
5.502030
6.177045
6.705270
7.039318
7.138912
6.973783
6.526044
5.791889
4.782512
3.524162
2.057316
0.435012
-1.279582
-3.016235
-4.701174
-6.260872
-7.625891
-8.734541
-9.536169
-9.993875
-10.086490
-9.809722
-9.176388
-8.215721
-6.971795
-5.501158
-3.869815
-2.149723
-0.415012
1.261853
2.813755
4.182247
5.320310
6.194425
6.785823
7.090870
7.120578
6.899286
6.462598
5.854733
5.125443
4.326707
3.509395
2.720127
1.998498
1.374859
0.868765
0.488188
0.229537
0.078464
0.011398
-0.002299
0.002299
-0.011398
-0.078464
-0.229537
-0.488188
-0.868765
-1.374859
-1.998498
-2.720127
-3.509395
-4.326707
-5.125443
-5.854733
-6.462598
-6.899286
-7.120578
-7.090870
-6.785823
-6.194425
-5.320310
-4.182247
-2.813755
-1.261853
0.415012
2.149723
3.869815
5.501158
6.971795
8.215721
9.176388
9.809722
10.086490
9.993875
9.536169
8.734541
7.625891
6.260872
4.701174
3.016235
1.279582
-0.435012
-2.057316
-3.524162
-4.782512
-5.791889
-6.526044
-6.973783
-7.138912
-7.039318
-6.705270
-6.177045
-5.502030
-4.731512
-3.917325
-3.108587
-2.348722
-1.672942
-1.106346
-0.662746
-0.344281
-0.141833
-0.036208
0.000000
0.000000
