     0.00000   865.00000
     0.10472   854.00000
     0.20944   842.00000
     0.31416   829.00000
     0.41888   811.00000
     0.52360   795.00000
     0.62832   781.00000
     0.73304   766.00000
     0.83776   748.00000
     0.94248   735.00000
     1.04720   722.00000
     1.15192   710.00000
     1.25664   693.00000
     1.36136   680.00000
     1.46608   664.00000
     1.57080   647.00000
     1.67552   633.00000
     1.78024   615.00000
     1.88496   602.00000
     1.98968   588.00000
     2.09440   586.00000
     2.19911   587.00000
     2.30383   589.00000
     2.40855   590.00000
     2.51327   601.00000
     2.61799   564.00000
     2.72271   574.00000
     2.82743   577.00000
     2.93215   579.00000
     3.03687   550.00000
     3.14159   587.00000
     3.24631   579.00000
     3.35103   601.00000
     3.45575   604.00000
     3.56047   624.00000
     3.66519   649.00000
     3.76991   663.00000
     3.87463   687.00000
     3.97935   705.00000
     4.08407   716.00000
     4.18879   716.00000
     4.29351   747.00000
     4.39823   746.00000
     4.50295   772.00000
     4.60767   789.00000
     4.71239   800.00000
     4.81711   812.00000
     4.92183   831.00000
     5.02655   835.00000
     5.13127   847.00000
     5.23599   842.00000
     5.34071   840.00000
     5.44543   838.00000
     5.55015   847.00000
     5.65487   841.00000
     5.75959   862.00000
     5.86431   851.00000
     5.96903   856.00000
     6.07375   866.00000
     6.17847   867.00000
     6.28318   863.00000