0.000000 0.104720
0.209440 0.314159
0.418879 0.523599
0.628319 0.733038
0.837758 0.942478
1.047198 1.151917
1.256637 1.361357
1.466077 1.570796
1.675516 1.780236
1.884956 1.989675
2.094395 2.199115
2.303835 2.408554
2.513274 2.617994
2.722714 2.827433
2.932153 3.036873
3.141593 3.246312
3.351032 3.455752
3.560472 3.665191
3.769911 3.874631
3.979351 4.084070
4.188790 4.293510
4.398230 4.502949
4.607669 4.712389
4.817109 4.921828
5.026548 5.131268
5.235988 5.340708
5.445427 5.550147
5.654867 5.759587
5.864306 5.969026
6.073746 6.178466
6.283185 587.000000
565.000000 582.000000
576.000000 601.000000
571.000000 592.000000
586.000000 593.000000
592.000000 585.000000
596.000000 624.000000
594.000000 607.000000
578.000000 588.000000
576.000000 606.000000
596.000000 587.000000
569.000000 606.000000
610.000000 601.000000
611.000000 618.000000
598.000000 635.000000
1024.000000 634.000000
596.000000 615.000000
607.000000 596.000000
604.000000 599.000000
561.000000 578.000000
586.000000 595.000000
564.000000 575.000000
564.000000 592.000000
578.000000 609.000000
582.000000 572.000000
580.000000 582.000000
576.000000 583.000000
563.000000 594.000000
570.000000 577.000000
561.000000 584.000000
574.000000 587.000000
