0.000000 -0.000000
0.101342 -0.000000
0.202683 -0.000000
0.304025 -0.000000
0.405367 -0.000000
0.506708 -0.000000
0.608050 -0.000000
0.709392 -0.000000
0.810734 -0.000000
0.912075 0.000000
1.013417 -0.000000
1.114759 -0.000000
1.216100 -0.000000
1.317442 20.129852
1.418784 59.565438
1.520125 116.692259
1.621467 189.171538
1.722809 274.035964
1.824151 367.811177
1.925492 466.658009
2.026834 566.529660
2.128176 663.337372
2.229517 753.117826
2.330859 832.195399
2.432201 897.332648
2.533542 925.732992
2.634884 916.233719
2.736226 869.223729
2.837568 786.627618
2.938909 671.826880
3.040251 529.521471
3.141593 365.537390
3.242934 186.588166
3.344276 0.000000
3.445618 -186.588166
3.546959 -365.537390
3.648301 -529.521471
3.749643 -671.826880
3.850985 -786.627618
3.952326 -869.223729
4.053668 -916.233719
4.155010 -925.732992
4.256351 -897.332648
4.357693 -832.195399
4.459035 -753.117826
4.560376 -663.337372
4.661718 -566.529660
4.763060 -466.658009
4.864402 -367.811177
4.965743 -274.035964
5.067085 -189.171538
5.168427 -116.692259
5.269768 -59.565438
5.371110 -20.129852
5.472452 0.000000
5.573793 0.000000
5.675135 0.000000
5.776477 0.000000
5.877819 0.000000
5.979160 0.000000
6.080502 -0.000000
6.181844 -0.000000
6.283185 -0.000000
