512
504
504
500
489
478
458
440
427
394
407
372
366
360
346
384
356
358
354
402
405
430
438
434
501
533
579
580
596
626
614
1008
616
630
596
574
577
534
498
434
435
430
407
404
354
354
356
384
348
364
366
376
409
396
428
442
461
479
491
494
504
504
516
512
512
512
512
512
512
512
512
512
512
512
512
512
512
512
512
512
512
512
512
512
512
512
512
512
512
512
512
512
512
512
512
512
512
512
512
512
512
512
512
512
512
512
512
512
512
512
512
512
512
512
512
512
512
512
512
512
512
512
512
512
512
512
512
512
512
