512
512
507
506
501
503
499
488
490
491
485
478
483
473
480
480
485
493
485
501
494
506
508
516
514
513
527
524
537
519
522
524
533
508
516
512
503
497
489
500
495
478
496
504
497
493
495
504
492
492
502
487
500
496
487
504
498
508
498
480
498
489
480
492
490
482
505
510
495
489
513
507
516
508
541
534
512
521
507
525
539
521
526
521
504
502
478
481
490
489
467
495
499
477
458
496
459
500
492
477
513
503
515
506
501
502
516
486
520
529
488
512
506
516
506
491
501
500
503
491
514
492
490
508
508
519
499
514
518
502
527
518
505
473
503
498
488
491
505
498
499
527
492
502
517
531
499
507
518
494
500
510
510
493
515
502
479
493
484
468
467
484
486
480
487
503
479
476
481
490
474
512
531
523
519
534
518
534
520
515
546
516
517
512
486
510
506
488
500
497
476
488
496
482
495
498
479
517
517
493
500
500
495
502
500
487
501
491
495
499
490
491
482
492
492
497
492
493
497
517
517
513
534
510
525
526
530
509
533
521
513
510
511
500
504
498
488
483
482
474
482
476
478
479
487
488
499
497
492
498
504
506
512
513
513
512
