     0.00000   963.00000
     0.10472   949.00000
     0.20944   932.00000
     0.31416   920.00000
     0.41888   909.00000
     0.52360   895.00000
     0.62832   878.00000
     0.73304   866.00000
     0.83776   853.00000
     0.94248   840.00000
     1.04720   827.00000
     1.15192   814.00000
     1.25664   802.00000
     1.36136   788.00000
     1.46608   773.00000
     1.57080   760.00000
     1.67552   748.00000
     1.78024   738.00000
     1.88496   728.00000
     1.98968   718.00000
     2.09440   709.00000
     2.19911   695.00000
     2.30383   682.00000
     2.40855   670.00000
     2.51327   657.00000
     2.61799   637.00000
     2.72271   620.00000
     2.82743   606.00000
     2.93215   591.00000
     3.03687   588.00000
     3.14159   588.00000
     3.24631   600.00000
     3.35103   613.00000
     3.45575   627.00000
     3.56047   646.00000
     3.66519   660.00000
     3.76991   671.00000
     3.87463   687.00000
     3.97935   706.00000
     4.08407   718.00000
     4.18879   731.00000
     4.29351   742.00000
     4.39823   751.00000
     4.50295   762.00000
     4.60767   774.00000
     4.71239   788.00000
     4.81711   803.00000
     4.92183   816.00000
     5.02655   828.00000
     5.13127   838.00000
     5.23599   848.00000
     5.34071   858.00000
     5.44543   869.00000
     5.55015   887.00000
     5.65487   902.00000
     5.75959   914.00000
     5.86431   927.00000
     5.96903   945.00000
     6.07375   960.00000
     6.17847   974.00000
     6.28318   987.00000