-0.000000
-0.000000
-0.002446
-0.009771
-0.024385
-0.048662
-0.084930
-0.135455
-0.202434
-0.287985
-0.394131
-0.522792
-0.675779
-0.854778
-1.061343
-1.296891
-1.562688
-1.859845
-2.189311
-2.551866
-2.948112
-3.378474
-3.843191
-4.342315
-4.875704
-5.443024
-6.043745
-6.677143
-7.342295
-8.038084
-8.763200
-9.516139
-10.295210
-11.098537
-11.924063
-12.769557
-13.632617
-14.510680
-15.401028
-16.300796
-17.206979
-18.116446
-19.025943
-19.932110
-20.831490
-21.720538
-22.595635
-23.453102
-24.289208
-25.100188
-25.882256
-26.631614
-27.344470
-28.017054
-28.645624
-29.226492
-29.756026
-30.230674
-30.646973
-31.001565
-31.291211
-31.512802
-31.663377
-31.740133
-31.740439
-31.661848
-31.502108
-31.259176
-30.931227
-30.516665
-30.014132
-29.422519
-28.740973
-27.968903
-27.105991
-26.152197
-25.107761
-23.973211
-22.749366
-21.437338
-20.038536
-18.554662
-16.987717
-15.339997
-13.614092
-11.812881
-9.939532
-7.997495
-5.990495
-3.922529
-1.797855
0.379013
2.603318
4.870069
7.174049
9.509832
11.871793
14.254121
16.650836
19.055800
21.462736
23.865244
26.256815
28.630854
30.980691
33.299604
35.580839
37.817625
40.003195
42.130807
44.193764
46.185431
48.099260
49.928804
51.667744
53.309903
54.849269
56.280015
57.596514
58.793365
59.865404
60.807730
61.615714
62.285023
62.811633
63.191846
63.422302
63.500000
63.422302
63.191846
62.811633
62.285023
61.615714
60.807730
59.865404
58.793365
57.596514
56.280015
54.849269
53.309903
51.667744
49.928804
48.099260
46.185431
44.193764
42.130807
40.003195
37.817625
35.580839
33.299604
30.980691
28.630854
26.256815
23.865244
21.462736
19.055800
16.650836
14.254121
11.871793
9.509832
7.174049
4.870069
2.603318
0.379013
-1.797855
-3.922529
-5.990495
-7.997495
-9.939532
-11.812881
-13.614092
-15.339997
-16.987717
-18.554662
-20.038536
-21.437338
-22.749366
-23.973211
-25.107761
-26.152197
-27.105991
-27.968903
-28.740973
-29.422519
-30.014132
-30.516665
-30.931227
-31.259176
-31.502108
-31.661848
-31.740439
-31.740133
-31.663377
-31.512802
-31.291211
-31.001565
-30.646973
-30.230674
-29.756026
-29.226492
-28.645624
-28.017054
-27.344470
-26.631614
-25.882256
-25.100188
-24.289208
-23.453102
-22.595635
-21.720538
-20.831490
-19.932110
-19.025943
-18.116446
-17.206979
-16.300796
-15.401028
-14.510680
-13.632617
-12.769557
-11.924063
-11.098537
-10.295210
-9.516139
-8.763200
-8.038084
-7.342295
-6.677143
-6.043745
-5.443024
-4.875704
-4.342315
-3.843191
-3.378474
-2.948112
-2.551866
-2.189311
-1.859845
-1.562688
-1.296891
-1.061343
-0.854778
-0.675779
-0.522792
-0.394131
-0.287985
-0.202434
-0.135455
-0.084930
-0.048662
-0.024385
-0.009771
-0.002446
-0.000000
-0.000000
