0.000000 1.000000
0.202683 0.979530
0.405367 0.918958
0.608050 0.820763
0.810734 0.688967
1.013417 0.528964
1.216100 0.347305
1.418784 0.151428
1.621467 -0.050649
1.824151 -0.250653
2.026834 -0.440394
2.229517 -0.612106
2.432201 -0.758758
2.634884 -0.874347
2.837568 -0.954139
3.040251 -0.994869
3.242934 -0.994869
3.445618 -0.954139
3.648301 -0.874347
3.850985 -0.758758
4.053668 -0.612106
4.256351 -0.440394
4.459035 -0.250653
4.661718 -0.050649
4.864402 0.151428
5.067085 0.347305
5.269768 0.528964
5.472452 0.688967
5.675135 0.820763
5.877819 0.918958
6.080502 0.979530
6.283185 1.000000
