-0.00211
-0.00104
-0.000183
-0.000427
-0.000977
-0.00204
-0.00293
-0.00418
-0.00479
-0.00558
-0.00528
-0.00424
-0.00214
0.000397
0.00275
0.00345
0.0032
0.00198
0.000793
0.000427
0.0000916
0.00058
0.000702
0.000977
0.000549
-0.000214
-0.000397
-0.000793
-0.000519
-0.000336
0.000702
0.000885
0.000641
0.000641
-0.000336
0.000122
-0.00058
-0.000885
-0.00159
-0.0022
-0.00287
-0.00339
-0.00345
-0.00311
-0.0018
-0.00061
0.000641
0.000916
0.000763
0.000671
0.000122
0.0000916
0.000183
0.00101
0.00162
0.00253
0.00296
0.0032
0.00262
0.00211
0.000824
-0.000397
-0.00201
-0.00339
-0.00403
-0.00409
-0.00372
-0.00284
-0.00177
-0.00128
-0.000183
0.000549
0.00156
0.00281
0.0033
0.0036
0.0032
0.00293
0.00299
0.00241
0.00235
0.000854
0.00058
-0.000153
-0.000458
-0.00104
-0.00162
-0.00177
-0.00168
-0.00122
-0.000854
-0.000397
0.000275
0.000702
0.00165
0.00177
0.00226
0.00281
0.00357
0.00375
0.00287
0.00143
-0.000275
-0.0018
-0.00229
-0.00266
-0.00259
-0.00339
-0.00381
-0.00464
-0.00455
-0.0043
-0.00412
-0.00378
-0.00433
-0.00446
-0.00525
-0.00531
-0.00516
-0.00394
-0.00244
-0.00113
-0.000305
0.000061
0.000641
0.00168
0.00256
0.00311
0.00336
0.00269
0.00238
0.00168
0.00171
0.000702
0.0000305
-0.00131
-0.00186
-0.00323
-0.00394
-0.00449
-0.00479
-0.00458
-0.00491
-0.00482
-0.00522
-0.00519
-0.00531
-0.00467
-0.00439
-0.00357
-0.00272
-0.00189
-0.000641
0.0011
0.0025
0.00381
0.00391
0.004
0.0033
0.00287
0.00201
0.00183
0.00168
0.00204
0.00183
0.00119
-0.0000916
-0.00146
-0.00174
-0.00214
-0.00143
-0.00162
-0.00104
-0.00116
-0.00165
-0.00214
-0.00232
-0.0029
-0.00302
-0.00372
-0.00403
-0.00467
-0.00464
-0.00491
-0.00513
-0.00513
-0.00522
-0.00385
-0.00272
-0.0011
0.000153
0.000336
0.000732
0.000488
0.000916
0.00119
0.00156
0.00238
0.00244
0.0029
0.00256
0.00299
0.00284
0.00244
0.0015
0
-0.000885
-0.00153
-0.00189
-0.00217
-0.00333
-0.00409
-0.00552
-0.00677
-0.00745
-0.0083
-0.00827
-0.00876
-0.00827
-0.00803
-0.00705
-0.0062
-0.00522
-0.00461
-0.00348
-0.0033
-0.00192
-0.00174
-0.000763
-0.000671
-0.000977
-0.00137
-0.0022
-0.00214
-0.00189
-0.000488
-0.000153
0.000519
0.000183
0.0000916
-0.000061
0.000488
0.00171
0.0029
0.00372
0.00403
0.00412
0.0043
0.00421
0.00449
0.00443
0.00351
0.0025
0.00128
-0.000336
-0.0014
-0.00232
-0.00299
-0.00409
-0.00464
-0.00546
-0.00574
-0.00534
-0.00464
-0.00333
-0.00275
-0.00208
-0.00201
-0.00217
-0.00189
-0.00159
-0.00104
-0.000214
0.000519
0.00058
0.00058
-0.0000305
-0.00107
-0.00159
-0.00189
-0.00131
-0.0000305
0.00183
0.00345
0.00467
0.00562
0.00607
0.00586
0.00476
0.00327
0.00174
0.000519
-0.00058
-0.00107
-0.00153
-0.00171
-0.00275
-0.00385
-0.00473
-0.00464
-0.00369
-0.00366
-0.00421
-0.00598
-0.00717
-0.008
-0.00702
-0.00546
-0.00391
-0.00296
-0.00284
-0.00339
-0.00452
-0.00488
-0.00504
-0.00443
-0.00415
-0.00378
-0.00369
-0.00363
-0.00351
-0.00305
-0.00232
-0.00131
-0.000488
-0.0000305
0.000061
-0.000153
-0.000183
-0.00061
-0.000977
-0.00171
-0.00204
-0.00235
-0.00177
-0.000397
0.0000916
0.000702
0.000275
0.000214
0.00061
0.00128
0.00195
0.00272
0.00183
0.00177
0.0000305
-0.000458
-0.00116
-0.0011
-0.000916
0.0000305
0.0000916
0.000061
-0.000854
-0.00211
-0.00296
-0.00366
-0.00378
-0.00369
-0.0032
-0.00281
-0.00208
-0.00177
-0.000916
-0.0000305
0.00058
0.00116
0.00119
0.00153
0.00107
0.0018
0.0025
0.00342
0.00412
0.00354
0.0033
0.00278
0.00247
0.00259
0.00266
0.00189
0.00107
-0.00159
-0.00406
-0.00668
-0.00827
-0.00931
-0.00946
-0.0101
-0.00983
-0.00967
-0.00891
-0.00836
-0.00793
-0.0069
-0.00616
-0.00455
-0.00418
-0.00369
-0.00403
-0.00403
-0.00415
-0.00394
-0.00333
-0.00296
-0.00195
-0.00208
-0.00186
-0.0022
-0.00305
-0.00409
-0.00504
-0.00531
-0.00546
-0.005
-0.00461
-0.00436
-0.00394
-0.0036
-0.0033
-0.00342
-0.00342
-0.00336
-0.00317
-0.00305
-0.00366
-0.00427
-0.00528
-0.0061
-0.00674
-0.0076
-0.00821
-0.00916
-0.00958
-0.00977
-0.00934
-0.00803
-0.00574
-0.00406
-0.00305
-0.00323
-0.00388
-0.00308
-0.0014
0.000916
0.00311
0.00397
0.00406
0.00375
0.00323
0.00427
0.00549
0.00677
0.00684
0.00583
0.00452
0.00293
0.0022
0.00214
0.00256
0.00333
0.00378
0.00424
0.00406
0.00339
0.00247
0.000946
-0.000488
-0.00253
-0.00381
-0.00528
-0.00616
-0.00732
-0.00781
-0.00854
-0.00864
-0.00873
-0.00876
-0.00787
-0.00757
-0.00739
-0.00797
-0.00842
-0.00894
-0.0079
-0.00662
-0.00488
-0.00308
-0.00223
-0.00201
-0.00299
-0.00433
-0.00607
-0.00693
-0.0072
-0.00662
-0.00534
-0.00421
-0.00256
-0.00101
0.00122
0.00253
0.00485
0.00613
0.00827
0.0098
0.011
0.0115
0.0107
0.00961
0.00836
0.00641
0.00589
0.00461
0.00412
0.00269
0.00104
-0.00156
-0.00357
-0.00461
-0.00525
-0.00443
-0.0029
-0.00061
0.00217
0.00418
0.00534
0.00522
0.00443
0.00317
0.00195
-0.000366
-0.00226
-0.00473
-0.00562
-0.0062
-0.00623
-0.0054
-0.0047
-0.00403
-0.00372
-0.004
-0.00372
-0.00388
-0.00412
-0.00455
-0.0051
-0.00531
-0.00494
-0.00439
-0.00363
-0.00348
-0.00381
-0.00409
-0.00424
-0.00427
-0.00391
-0.00415
-0.00443
-0.00543
-0.00555
-0.005
-0.00327
-0.00217
-0.00153
-0.00104
-0.00119
-0.00058
-0.000977
-0.000305
0.000153
0.000946
0.00211
0.00333
0.00446
0.00467
0.00571
0.00638
0.00732
0.00732
0.00696
0.00586
0.00467
0.0032
0.0018
0.00058
-0.000488
-0.00174
-0.00302
-0.00381
-0.00485
-0.00543
-0.00647
-0.00745
-0.00842
-0.00919
-0.00958
-0.00955
-0.00943
-0.00882
-0.00775
-0.00644
-0.00421
-0.00232
-0.000336
0.00104
0.00125
0.000854
-0.000183
-0.00116
-0.00171
-0.00238
-0.00241
-0.00317
-0.00308
-0.00327
-0.00262
-0.00226
-0.00165
-0.00116
-0.00061
-0.000122
0.000183
0.000275
0.000275
-0.000183
-0.00143
-0.0025
-0.004
-0.00464
-0.0054
-0.00525
-0.00522
-0.00467
-0.00458
-0.00403
-0.00385
-0.0033
-0.00262
-0.00253
-0.00253
-0.00241
-0.00198
-0.000977
0.000488
0.00156
0.00259
0.00311
0.00409
0.004
0.00424
0.00345
0.00272
0.00269
0.00287
0.00269
0.00247
0.00143
0.000885
0.000061
-0.000854
-0.00153
-0.00153
-0.00189
-0.00192
-0.00308
-0.00424
-0.00546
-0.00687
-0.00732
-0.00797
-0.00818
-0.00797
-0.00778
-0.00714
-0.00613
-0.00476
-0.00397
-0.00266
-0.00244
-0.00107
-0.00058
0.00131
0.00241
0.00385
0.00427
0.00369
0.00235
0.000549
-0.000305
-0.00104
-0.00183
-0.00201
-0.00226
-0.00186
-0.0014
-0.00177
-0.00235
-0.00311
-0.00357
-0.00397
-0.00394
-0.00323
-0.00302
-0.00317
-0.004
-0.0047
-0.00406
-0.00238
-0.000183
0.00171
0.00195
0.00208
0.00177
0.00113
0.00113
0.00122
0.00104
0.00107
0.00107
0.00116
0.000854
0.000732
0.000305
-0.000366
-0.000732
-0.00128
-0.00159
-0.00195
-0.00211
-0.00211
-0.00226
-0.0018
-0.00223
-0.00204
-0.00235
-0.00214
-0.00168
-0.00113
-0.000305
0.000305
0.000977
0.00119
0.0015
0.00189
0.00204
0.00235
0.00253
0.00259
0.00262
0.00214
0.00165
0.00107
0.00128
0.00116
0.00116
0.00122
0.000153
-0.00143
-0.00296
-0.0047
-0.00574
-0.00708
-0.008
-0.00854
-0.0079
-0.00705
-0.00589
-0.00488
-0.00394
-0.00247
-0.00125
0.000732
0.00211
0.00278
0.00311
0.0033
0.00296
0.00284
0.00156
0.00128
-0.000183
-0.000946
-0.00235
-0.00308
-0.00323
-0.00278
-0.00201
-0.000854
0.000214
0.00058
0.00171
0.00266
0.00378
0.00452
0.00433
0.0033
0.0022
0.00159
0.00122
0.0011
0
-0.00119
-0.00189
-0.00241
-0.00281
-0.0032
-0.00394
-0.00436
-0.00467
-0.00369
-0.00336
-0.00211
-0.00229
-0.00256
-0.00363
-0.00381
-0.00369
-0.00369
-0.00388
-0.00436
-0.005
-0.00519
-0.00543
-0.00525
-0.00519
-0.00443
-0.00336
-0.00211
-0.000854
-0.000671
-0.000854
-0.0014
-0.00189
-0.00241
-0.00238
-0.00266
-0.00211
-0.00168
-0.000885
-0.000153
0.0000916
-0.000702
-0.00146
-0.00177
-0.00116
0.0000305
0.00122
0.00165
0.00208
0.00272
0.00323
0.004
0.00418
0.00372
0.00244
0.0015
0.000366
-0.000366
-0.000671
-0.00125
-0.00165
-0.00168
-0.00107
-0.000793
-0.00061
-0.00137
-0.00195
-0.00244
-0.00208
-0.00128
-0.000275
-0.000061
0.0000305
-0.000977
-0.00244
-0.00348
-0.00452
-0.00458
-0.004
-0.00333
-0.00293
-0.00311
-0.00381
-0.00348
-0.00272
-0.00137
-0.000183
0.000397
0.00104
0.00058
0.000977
0.000366
0.00061
0.000153
0.000885
0.00122
0.00201
0.00235
0.00259
0.00259
0.00171
0.000885
-0.000488
-0.00125
-0.0018
-0.00226
-0.00241
-0.00211
-0.00137
-0.000763
0.0000916
0.000275
0.0011
0.00137
0.00159
0.00186
0.00208
0.00174
0.00125
0.000153
-0.00104
-0.00165
-0.00226
-0.00317
-0.00369
-0.00455
-0.00504
-0.00537
-0.00473
-0.0043
-0.00317
-0.00235
-0.00134
-0.000549
0.000397
0.000854
0.00137
0.00171
0.00238
0.00281
0.00354
0.00388
0.00452
0.00473
0.00491
0.00528
0.00449
0.00378
0.00278
0.0022
0.00119
0.000458
-0.000885
-0.00125
-0.000641
0.000397
0.00204
0.00284
0.00302
0.00247
0.00183
0.000946
0.000244
-0.000977
-0.00211
-0.00293
-0.00372
-0.00406
-0.00354
-0.00293
-0.00204
-0.0018
-0.0015
-0.0011
-0.00061
-0.000122
0.000427
0.000977
0.00192
0.00293
0.00464
0.00607
0.008
0.00845
0.00854
0.00742
0.00565
0.005
0.004
0.00378
0.0032
0.00333
0.00281
0.00244
0.000854
-0.000671
-0.00235
-0.00323
-0.00433
-0.0051
-0.00613
-0.00708
-0.00732
-0.00742
-0.00687
-0.00681
-0.00595
-0.00552
-0.00418
-0.00272
-0.000916
0.000488
0.00165
0.0025
0.00299
0.0033
0.00354
0.00354
0.00406
0.00354
0.00418
0.00403
