0.000000 0.000000
0.202683 0.000000
0.405367 0.000000
0.608050 0.000000
0.810734 0.000000
1.013417 0.000000
1.216100 0.000000
1.418784 0.000000
1.621467 10.000000
1.824151 10.000000
2.026834 10.000000
2.229517 10.000000
2.432201 10.000000
2.634884 10.000000
2.837568 10.000000
3.040251 10.000000
3.242934 10.000000
3.445618 10.000000
3.648301 10.000000
3.850985 10.000000
4.053668 0.000000
4.256351 0.000000
4.459035 0.000000
4.661718 0.000000
4.864402 0.000000
5.067085 0.000000
5.269768 0.000000
5.472452 0.000000
5.675135 0.000000
5.877819 0.000000
6.080502 0.000000
6.283185 0.000000
