0.00656
0.00699
0.00735
0.00784
0.00793
0.00845
0.00906
0.00922
0.0087
0.00787
0.00729
0.00656
0.00629
0.00571
0.00543
0.00446
0.00363
0.00284
0.00201
0.00256
0.00266
0.00327
0.00336
0.00305
0.00333
0.00369
0.00397
0.00421
0.00421
0.00443
0.00488
0.00497
0.00479
0.00494
0.00473
0.00565
0.00635
0.0069
0.00723
0.00742
0.00763
0.00812
0.00885
0.00995
0.0105
0.011
0.0112
0.0112
0.0112
0.0119
0.0114
0.0118
0.0117
0.0112
0.0114
0.0112
0.0109
0.0101
0.00961
0.00885
0.0076
0.00635
0.00528
0.00369
0.00256
0.00107
0.000305
-0.00058
-0.000854
-0.0015
-0.00162
-0.00162
-0.00137
-0.000977
-0.00061
-0.000214
-0.000549
-0.000244
0.000275
0.000153
-9.16E-05
-0.000153
-0.000793
-0.000702
-0.00058
6.10E-05
0.000183
0.000885
0.00119
0.00165
0.0022
0.00259
0.00327
0.00354
0.00406
0.00473
0.00565
0.00635
0.00726
0.00778
0.00809
0.00897
0.00925
0.0107
0.0112
0.0124
0.0126
0.0128
0.0131
0.0129
0.0125
0.0119
0.0111
0.0104
0.00955
0.009
0.0087
0.00858
0.00912
0.00934
0.00882
0.00937
0.00922
0.00983
0.0105
0.0112
0.0116
0.012

