0.00206
0.00285
0.00335
0.00399
0.00483
0.00532
0.00618
0.00667
0.00669
0.00661
0.00625
0.00599
0.00577
0.00527
0.00542
0.00497
0.00476
0.0045
0.00405
0.0043
0.00412
0.00442
0.00412
0.00425
0.00417
0.00438
0.0042
0.00433
0.0041
0.00397
0.00398
0.00412
0.00481
0.0053
0.00567
0.00629
0.00669
0.00696
0.00732
0.00735
0.00766
0.00768
0.00804
0.00833
0.0084
0.00845
0.00849
0.00844
0.00832
0.0088
0.00842
0.00868
0.00834
0.00799
0.00789
0.0078
0.00783
0.00767
0.00797
0.00783
0.00769
0.00747
0.00712
0.00643
0.00603
0.00545
0.00493
0.00459
0.00437
0.00397
0.00337
0.00283
0.00229
0.00219
0.00185
0.00167
0.00169
0.00165
0.0018
0.00178
1.65E-03
0.00209
0.00226
0.00293
0.00334
4.27E-03
0.00457
0.00523
0.00566
0.00587
0.00627
0.00661
0.00698
0.00726
0.0074
0.00772
0.00801
0.0086
0.009
0.00952
0.00984
0.0106
0.011
0.0119
0.0122
0.0127
0.0131
0.0133
0.0134
0.0131
0.0129
0.0122
0.0116
0.0113
0.0105
0.0102
0.00953
0.00912
0.00886
0.00829
0.00733
0.00678
0.00593
0.00513
0.00461
0.00405
0.00399
0.0036

