512
512
509.5
506.5
503.5
502
501
493.5
489
490.5
488
481.5
480.5
478
476.5
480
482.5
489
489
493
497.5
500
507
512
515
513.5
520
525.5
530.5
528
520.5
523
528.5
520.5
512
514
507.5
500
493
494.5
497.5
486.5
487
500
500.5
495
494
499.5
498
492
497
494.5
493.5
498
491.5
495.5
501
503
503
489
489
493.5
484.5
486
491
486
493.5
507.5
502.5
492
501
510
511.5
512
524.5
537.5
523
516.5
514
516
532
530
523.5
523.5
512.5
503
490
479.5
485.5
489.5
478
481
497
488
467.5
477
477.5
479.5
496
484.5
495
508
509
510.5
503.5
501.5
509
501
503
524.5
508.5
500
509
511
511
498.5
496
500.5
501.5
497
502.5
503
491
499
508
513.5
509
506.5
516
510
514.5
522.5
511.5
489
488
500.5
493
489.5
498
501.5
498.5
513
509.5
497
509.5
524
515
503
512.5
506
497
505
510
501.5
504
508.5
490.5
486
488.5
476
467.5
475.5
485
483
483.5
495
491
477.5
478.5
485.5
482
493
521.5
527
521
526.5
526
526
527
517.5
530.5
531
516.5
514.5
499
498
508
497
494
498.5
486.5
482
492
489
488.5
496.5
488.5
498
517
505
496.5
500
497.5
498.5
501
493.5
494
496
493
497
494.5
490.5
486.5
487
492
494.5
494.5
492.5
495
507
517
515
523.5
522
517.5
525.5
528
519.5
521
527
517
511.5
510.5
505.5
502
501
493
485.5
482.5
478
478
479
477
478.5
483
487.5
493.5
498
494.5
495
501
505
509
512.5
513
512.5
512
