   0.0000e+00   1.4800e+02
   2.4640e-02   1.5200e+02
   4.9280e-02   1.5800e+02
   7.3920e-02   1.6200e+02
   9.8560e-02   1.6600e+02
   1.2320e-01   1.6800e+02
   1.4784e-01   1.7200e+02
   1.7248e-01   1.8100e+02
   1.9712e-01   1.8900e+02
   2.2176e-01   1.8500e+02
   2.4640e-01   1.8200e+02
   2.7104e-01   1.9200e+02
   2.9568e-01   2.0200e+02
   3.2032e-01   2.0500e+02
   3.4496e-01   2.0300e+02
   3.6960e-01   2.0700e+02
   3.9424e-01   2.1600e+02
   4.1888e-01   2.3500e+02
   4.4352e-01   2.2100e+02
   4.6816e-01   2.3800e+02
   4.9280e-01   2.4400e+02
   5.1744e-01   2.3300e+02
   5.4208e-01   2.4400e+02
   5.6672e-01   2.5400e+02
   5.9136e-01   2.5700e+02
   6.1600e-01   2.7000e+02
   6.4064e-01   2.6100e+02
   6.6528e-01   2.6900e+02
   6.8992e-01   2.7800e+02
   7.1456e-01   2.8500e+02
   7.3920e-01   2.8000e+02
   7.6384e-01   2.8700e+02
   7.8848e-01   2.9400e+02
   8.1312e-01   2.8900e+02
   8.3776e-01   3.1600e+02
   8.6240e-01   3.1900e+02
   8.8704e-01   3.0700e+02
   9.1168e-01   3.1100e+02
   9.3632e-01   3.2800e+02
   9.6096e-01   3.2300e+02
   9.8560e-01   3.4400e+02
   1.0102e+00   3.3700e+02
   1.0349e+00   3.5200e+02
   1.0595e+00   3.5300e+02
   1.0842e+00   3.7200e+02
   1.1088e+00   3.6800e+02
   1.1334e+00   3.8300e+02
   1.1581e+00   3.8400e+02
   1.1827e+00   3.6900e+02
   1.2074e+00   3.8000e+02
   1.2320e+00   3.9600e+02
   1.2566e+00   4.0700e+02
   1.2813e+00   4.0200e+02
   1.3059e+00   4.1100e+02
   1.3306e+00   4.0900e+02
   1.3552e+00   4.3400e+02
   1.3798e+00   4.4100e+02
   1.4045e+00   4.4300e+02
   1.4291e+00   4.3600e+02
   1.4538e+00   4.5700e+02
   1.4784e+00   4.5300e+02
   1.5030e+00   4.5000e+02
   1.5277e+00   4.5700e+02
   1.5523e+00   4.7700e+02
   1.5770e+00   4.7800e+02
   1.6016e+00   4.8500e+02
   1.6262e+00   4.8700e+02
   1.6509e+00   5.0200e+02
   1.6755e+00   5.1100e+02
   1.7002e+00   5.0500e+02
   1.7248e+00   5.0800e+02
   1.7494e+00   5.3300e+02
   1.7741e+00   5.2500e+02
   1.7987e+00   5.3400e+02
   1.8234e+00   5.3700e+02
   1.8480e+00   5.4600e+02
   1.8726e+00   5.5800e+02
   1.8973e+00   5.5100e+02
   1.9219e+00   5.6600e+02
   1.9466e+00   5.8000e+02
   1.9712e+00   5.7500e+02
   1.9958e+00   5.8600e+02
   2.0205e+00   5.8100e+02
   2.0451e+00   6.0500e+02
   2.0698e+00   6.0000e+02
   2.0944e+00   5.9700e+02
   2.1190e+00   6.1000e+02
   2.1437e+00   6.1900e+02
   2.1683e+00   6.4000e+02
   2.1930e+00   6.2500e+02
   2.2176e+00   6.4600e+02
   2.2422e+00   6.3800e+02
   2.2669e+00   6.3200e+02
   2.2915e+00   6.5400e+02
   2.3162e+00   6.6700e+02
   2.3408e+00   6.5100e+02
   2.3654e+00   6.6700e+02
   2.3901e+00   6.7300e+02
   2.4147e+00   6.8200e+02
   2.4394e+00   6.8100e+02
   2.4640e+00   6.9600e+02
   2.4886e+00   6.9300e+02
   2.5133e+00   7.0400e+02
   2.5379e+00   7.0100e+02
   2.5626e+00   7.1500e+02
   2.5872e+00   7.2400e+02
   2.6118e+00   7.3300e+02
   2.6365e+00   7.3100e+02
   2.6611e+00   7.3600e+02
   2.6858e+00   7.2700e+02
   2.7104e+00   7.4700e+02
   2.7350e+00   7.5000e+02
   2.7597e+00   7.6000e+02
   2.7843e+00   7.3500e+02
   2.8090e+00   7.6900e+02
   2.8336e+00   7.8600e+02
   2.8582e+00   7.7200e+02
   2.8829e+00   7.7900e+02
   2.9075e+00   7.8900e+02
   2.9322e+00   7.9300e+02
   2.9568e+00   7.9200e+02
   2.9814e+00   7.9600e+02
   3.0061e+00   8.0200e+02
   3.0307e+00   8.1000e+02
   3.0554e+00   8.1800e+02
   3.0800e+00   7.9800e+02
   3.1046e+00   8.1100e+02
   3.1293e+00   1.0190e+03
   3.1539e+00   8.1900e+02
   3.1786e+00   8.1100e+02
   3.2032e+00   8.3500e+02
   3.2278e+00   8.2900e+02
   3.2525e+00   8.2500e+02
   3.2771e+00   8.2300e+02
   3.3018e+00   8.2500e+02
   3.3264e+00   8.3000e+02
   3.3510e+00   8.3000e+02
   3.3757e+00   8.2600e+02
   3.4003e+00   8.2300e+02
   3.4250e+00   8.3900e+02
   3.4496e+00   8.3100e+02
   3.4742e+00   7.9800e+02
   3.4989e+00   8.3000e+02
   3.5235e+00   8.2600e+02
   3.5482e+00   8.2900e+02
   3.5728e+00   8.1200e+02
   3.5974e+00   8.2800e+02
   3.6221e+00   8.2500e+02
   3.6467e+00   8.3500e+02
   3.6714e+00   8.3200e+02
   3.6960e+00   8.2500e+02
   3.7206e+00   8.1900e+02
   3.7453e+00   8.2800e+02
   3.7699e+00   8.2100e+02
   3.7946e+00   8.2800e+02
   3.8192e+00   8.2200e+02
   3.8438e+00   8.2900e+02
   3.8685e+00   8.2600e+02
   3.8931e+00   8.2300e+02
   3.9178e+00   8.1600e+02
   3.9424e+00   8.3500e+02
   3.9670e+00   8.2800e+02
   3.9917e+00   8.1300e+02
   4.0163e+00   8.2200e+02
   4.0410e+00   8.4000e+02
   4.0656e+00   8.2600e+02
   4.0902e+00   8.4500e+02
   4.1149e+00   8.3000e+02
   4.1395e+00   8.2900e+02
   4.1642e+00   8.2200e+02
   4.1888e+00   8.2900e+02
   4.2134e+00   8.4000e+02
   4.2381e+00   8.2500e+02
   4.2627e+00   8.3500e+02
   4.2873e+00   8.3000e+02
   4.3120e+00   8.4100e+02
   4.3366e+00   8.3400e+02
   4.3613e+00   8.2700e+02
   4.3859e+00   8.3900e+02
   4.4105e+00   8.3400e+02
   4.4352e+00   8.3100e+02
   4.4598e+00   8.3600e+02
   4.4845e+00   8.3400e+02
   4.5091e+00   8.4700e+02
   4.5337e+00   8.3000e+02
   4.5584e+00   8.3400e+02
   4.5830e+00   8.4700e+02
   4.6077e+00   8.4400e+02
   4.6323e+00   8.3600e+02
   4.6569e+00   8.4100e+02
   4.6816e+00   8.4000e+02
   4.7062e+00   8.4400e+02
   4.7309e+00   8.3100e+02
   4.7555e+00   8.3200e+02
   4.7801e+00   8.4000e+02
   4.8048e+00   8.5100e+02
   4.8294e+00   8.3800e+02
   4.8541e+00   8.5000e+02
   4.8787e+00   8.5700e+02
   4.9033e+00   8.5600e+02
   4.9280e+00   8.3600e+02
   4.9526e+00   8.4700e+02
   4.9773e+00   8.4200e+02
   5.0019e+00   8.5500e+02
   5.0265e+00   8.5100e+02
   5.0512e+00   8.4200e+02
   5.0758e+00   8.3700e+02
   5.1005e+00   8.5700e+02
   5.1251e+00   8.6400e+02
   5.1497e+00   8.5500e+02
   5.1744e+00   8.6600e+02
   5.1990e+00   8.5200e+02
   5.2237e+00   8.5700e+02
   5.2483e+00   8.5000e+02
   5.2729e+00   8.6300e+02
   5.2976e+00   8.4600e+02
   5.3222e+00   8.5900e+02
   5.3469e+00   8.4600e+02
   5.3715e+00   8.5100e+02
   5.3961e+00   8.6500e+02
   5.4208e+00   8.7100e+02
   5.4454e+00   8.4900e+02
   5.4701e+00   8.5800e+02
   5.4947e+00   8.6000e+02
   5.5193e+00   8.5600e+02
   5.5440e+00   8.6800e+02
   5.5686e+00   8.6900e+02
   5.5933e+00   8.6600e+02
   5.6179e+00   8.6300e+02
   5.6425e+00   8.7800e+02
   5.6672e+00   8.6900e+02
   5.6918e+00   8.7000e+02
   5.7165e+00   8.6800e+02
   5.7411e+00   8.6300e+02
   5.7657e+00   8.7600e+02
   5.7904e+00   8.7800e+02
   5.8150e+00   8.6700e+02
   5.8397e+00   8.8400e+02
   5.8643e+00   8.7200e+02
   5.8889e+00   8.6700e+02
   5.9136e+00   8.6900e+02
   5.9382e+00   8.7200e+02
   5.9629e+00   8.7800e+02
   5.9875e+00   8.6900e+02
   6.0121e+00   8.6700e+02
   6.0368e+00   8.7400e+02
   6.0614e+00   8.8000e+02
   6.0861e+00   8.8000e+02
   6.1107e+00   8.7500e+02
   6.1353e+00   8.7500e+02
   6.1600e+00   8.7700e+02
   6.1846e+00   8.7700e+02
   6.2093e+00   8.7700e+02
   6.2339e+00   8.7700e+02
   6.2585e+00   8.7600e+02
   6.2832e+00   8.7600e+02
