0	0
1	0.0183413
2	0.0366826
3	0.0550239
4	0.0733652
5	0.0917065
6	0.110048
7	0.128389
8	0.14673
9	0.164675
10	0.182619
11	0.200563
12	0.218508
13	0.236452
14	0.254396
15	0.27234
16	0.290285
17	0.307443
18	0.324602
19	0.341761
20	0.35892
21	0.376079
22	0.393237
23	0.410396
24	0.427555
25	0.443557
26	0.459559
27	0.475561
28	0.491563
29	0.507565
30	0.523566
31	0.539568
32	0.55557
33	0.570069
34	0.584567
35	0.599066
36	0.613565
37	0.628063
38	0.642562
39	0.65706
40	0.671559
41	0.68424
42	0.696922
43	0.709603
44	0.722285
45	0.734966
46	0.747648
47	0.760329
48	0.77301
49	0.7836
50	0.79419
51	0.80478
52	0.81537
53	0.825959
54	0.836549
55	0.847139
56	0.857729
57	0.865997
58	0.874266
59	0.882535
60	0.890804
61	0.899073
62	0.907342
63	0.915611
64	0.92388
65	0.929648
66	0.935417
67	0.941186
68	0.946955
69	0.952724
70	0.958493
71	0.964262
72	0.970031
73	0.973175
74	0.97632
75	0.979464
76	0.982608
77	0.985752
78	0.988896
79	0.992041
80	0.995185
81	0.995636
82	0.996087
83	0.996539
84	0.99699
85	0.997441
86	0.997893
87	0.998344
88	0.998795
89	0.996544
90	0.994293
91	0.992042
92	0.98979
93	0.987539
94	0.985288
95	0.983037
96	0.980785
97	0.97588
98	0.970975
99	0.96607
100	0.961165
101	0.95626
102	0.951354
103	0.946449
104	0.941544
105	0.934091
106	0.926638
107	0.919186
108	0.911733
109	0.90428
110	0.896827
111	0.889374
112	0.881921
113	0.872082
114	0.862243
115	0.852404
116	0.842564
117	0.832725
118	0.822886
119	0.813047
120	0.803208
121	0.791195
122	0.779182
123	0.76717
124	0.755157
125	0.743145
126	0.731132
127	0.719119
128	0.707107
129	0.693181
130	0.679255
131	0.665329
132	0.651403
133	0.637477
134	0.623551
135	0.609625
136	0.595699
137	0.580161
138	0.564624
139	0.549086
140	0.533548
141	0.51801
142	0.502472
143	0.486935
144	0.471397
145	0.454583
146	0.43777
147	0.420957
148	0.404143
149	0.38733
150	0.370517
151	0.353703
152	0.33689
153	0.319165
154	0.30144
155	0.283715
156	0.26599
157	0.248265
158	0.23054
159	0.212815
160	0.19509
161	0.176837
162	0.158585
163	0.140332
164	0.122079
165	0.103826
166	0.0855733
167	0.0673205
168	0.0490677
169	0.0306821
170	0.0122965
171	-0.00608913
172	-0.0244747
173	-0.0428603
174	-0.0612459
175	-0.0796315
176	-0.0980171
177	-0.116138
178	-0.134258
179	-0.152378
180	-0.170499
181	-0.188619
182	-0.206739
183	-0.22486
184	-0.24298
185	-0.260443
186	-0.277906
187	-0.295369
188	-0.312832
189	-0.330295
190	-0.347758
191	-0.365221
192	-0.382683
193	-0.399111
194	-0.415538
195	-0.431966
196	-0.448393
197	-0.464821
198	-0.481248
199	-0.497675
200	-0.514103
201	-0.529139
202	-0.544175
203	-0.559212
204	-0.574248
205	-0.589284
206	-0.604321
207	-0.619357
208	-0.634393
209	-0.647713
210	-0.661033
211	-0.674352
212	-0.687672
213	-0.700992
214	-0.714312
215	-0.727631
216	-0.740951
217	-0.752266
218	-0.763581
219	-0.774896
220	-0.78621
221	-0.797525
222	-0.80884
223	-0.820155
224	-0.83147
225	-0.840535
226	-0.8496
227	-0.858664
228	-0.867729
229	-0.876794
230	-0.885859
231	-0.894924
232	-0.903989
233	-0.910608
234	-0.917227
235	-0.923846
236	-0.930465
237	-0.937084
238	-0.943703
239	-0.950321
240	-0.95694
241	-0.96097
242	-0.964999
243	-0.969029
244	-0.973058
245	-0.977088
246	-0.981117
247	-0.985147
248	-0.989177
249	-0.990529
250	-0.991882
251	-0.993235
252	-0.994588
253	-0.995941
254	-0.997294
255	-0.998647
256	-1
257	-0.998647
258	-0.997294
259	-0.995941
260	-0.994588
261	-0.993235
262	-0.991882
263	-0.990529
264	-0.989177
265	-0.985147
266	-0.981117
267	-0.977088
268	-0.973058
269	-0.969029
270	-0.964999
271	-0.96097
272	-0.95694
273	-0.950321
274	-0.943703
275	-0.937084
276	-0.930465
277	-0.923846
278	-0.917227
279	-0.910608
280	-0.903989
281	-0.894924
282	-0.885859
283	-0.876794
284	-0.867729
285	-0.858664
286	-0.8496
287	-0.840535
288	-0.83147
289	-0.820155
290	-0.80884
291	-0.797525
292	-0.78621
293	-0.774896
294	-0.763581
295	-0.752266
296	-0.740951
297	-0.727631
298	-0.714312
299	-0.700992
300	-0.687672
301	-0.674352
302	-0.661033
303	-0.647713
304	-0.634393
305	-0.619357
306	-0.604321
307	-0.589284
308	-0.574248
309	-0.559212
310	-0.544175
311	-0.529139
312	-0.514103
313	-0.497675
314	-0.481248
315	-0.464821
316	-0.448393
317	-0.431966
318	-0.415538
319	-0.399111
320	-0.382683
321	-0.365221
322	-0.347758
323	-0.330295
324	-0.312832
325	-0.295369
326	-0.277906
327	-0.260443
328	-0.24298
329	-0.22486
330	-0.206739
331	-0.188619
332	-0.170499
333	-0.152378
334	-0.134258
335	-0.116138
336	-0.0980171
337	-0.0796315
338	-0.0612459
339	-0.0428603
340	-0.0244747
341	-0.00608913
342	0.0122965
343	0.0306821
344	0.0490677
345	0.0673205
346	0.0855733
347	0.103826
348	0.122079
349	0.140332
350	0.158585
351	0.176837
352	0.19509
353	0.212815
354	0.23054
355	0.248265
356	0.26599
357	0.283715
358	0.30144
359	0.319165
360	0.33689
361	0.353703
362	0.370517
363	0.38733
364	0.404143
365	0.420957
366	0.43777
367	0.454583
368	0.471397
369	0.486935
370	0.502472
371	0.51801
372	0.533548
373	0.549086
374	0.564624
375	0.580161
376	0.595699
377	0.609625
378	0.623551
379	0.637477
380	0.651403
381	0.665329
382	0.679255
383	0.693181
384	0.707107
385	0.719119
386	0.731132
387	0.743145
388	0.755157
389	0.76717
390	0.779182
391	0.791195
392	0.803208
393	0.813047
394	0.822886
395	0.832725
396	0.842564
397	0.852404
398	0.862243
399	0.872082
400	0.881921
401	0.889374
402	0.896827
403	0.90428
404	0.911733
405	0.919186
406	0.926638
407	0.934091
408	0.941544
409	0.946449
410	0.951354
411	0.95626
412	0.961165
413	0.96607
414	0.970975
415	0.97588
416	0.980785
417	0.983037
418	0.985288
419	0.987539
420	0.98979
421	0.992042
422	0.994293
423	0.996544
424	0.998795
425	0.998344
426	0.997893
427	0.997441
428	0.99699
429	0.996539
430	0.996087
431	0.995636
432	0.995185
433	0.992041
434	0.988896
435	0.985752
436	0.982608
437	0.979464
438	0.97632
439	0.973175
440	0.970031
441	0.964262
442	0.958493
443	0.952724
444	0.946955
445	0.941186
446	0.935417
447	0.929648
448	0.92388
449	0.915611
450	0.907342
451	0.899073
452	0.890804
453	0.882535
454	0.874266
455	0.865997
456	0.857729
457	0.847139
458	0.836549
459	0.825959
460	0.81537
461	0.80478
462	0.79419
463	0.7836
464	0.77301
465	0.760329
466	0.747648
467	0.734966
468	0.722285
469	0.709603
470	0.696922
471	0.68424
472	0.671559
473	0.65706
474	0.642562
475	0.628063
476	0.613565
477	0.599066
478	0.584567
479	0.570069
480	0.55557
481	0.539568
482	0.523566
483	0.507565
484	0.491563
485	0.475561
486	0.459559
487	0.443557
488	0.427555
489	0.410396
490	0.393237
491	0.376079
492	0.35892
493	0.341761
494	0.324602
495	0.307443
496	0.290285
497	0.27234
498	0.254396
499	0.236452
500	0.218508
501	0.200563
502	0.182619
503	0.164675
504	0.14673
505	0.128389
506	0.110048
507	0.0917065
508	0.0733652
509	0.0550239
510	0.0366826
511	0.0183413
512	2,76E-11
513	-0.0183413
514	-0.0366826
515	-0.0550239
516	-0.0733652
517	-0.0917065
518	-0.110048
519	-0.128389
520	-0.14673
521	-0.164675
522	-0.182619
523	-0.200563
524	-0.218508
525	-0.236452
526	-0.254396
527	-0.27234
528	-0.290285
529	-0.307443
530	-0.324602
531	-0.341761
532	-0.35892
533	-0.376079
534	-0.393237
535	-0.410396
536	-0.427555
537	-0.443557
538	-0.459559
539	-0.475561
540	-0.491563
541	-0.507565
542	-0.523566
543	-0.539568
544	-0.55557
545	-0.570069
546	-0.584567
547	-0.599066
548	-0.613565
549	-0.628063
550	-0.642562
551	-0.65706
552	-0.671559
553	-0.68424
554	-0.696922
555	-0.709603
556	-0.722285
557	-0.734966
558	-0.747648
559	-0.760329
560	-0.77301
561	-0.7836
562	-0.79419
563	-0.80478
564	-0.81537
565	-0.825959
566	-0.836549
567	-0.847139
568	-0.857729
569	-0.865997
570	-0.874266
571	-0.882535
572	-0.890804
573	-0.899073
574	-0.907342
575	-0.915611
576	-0.92388
577	-0.929648
578	-0.935417
579	-0.941186
580	-0.946955
581	-0.952724
582	-0.958493
583	-0.964262
584	-0.970031
585	-0.973175
586	-0.97632
587	-0.979464
588	-0.982608
589	-0.985752
590	-0.988896
591	-0.992041
592	-0.995185
593	-0.995636
594	-0.996087
595	-0.996539
596	-0.99699
597	-0.997441
598	-0.997893
599	-0.998344
600	-0.998795
601	-0.996544
602	-0.994293
603	-0.992042
604	-0.98979
605	-0.987539
606	-0.985288
607	-0.983037
608	-0.980785
609	-0.97588
610	-0.970975
611	-0.96607
612	-0.961165
613	-0.95626
614	-0.951354
615	-0.946449
616	-0.941544
617	-0.934091
618	-0.926638
619	-0.919186
620	-0.911733
621	-0.90428
622	-0.896827
623	-0.889374
624	-0.881921
625	-0.872082
626	-0.862243
627	-0.852404
628	-0.842564
629	-0.832725
630	-0.822886
631	-0.813047
632	-0.803208
633	-0.791195
634	-0.779182
635	-0.76717
636	-0.755157
637	-0.743145
638	-0.731132
639	-0.719119
640	-0.707107
641	-0.693181
642	-0.679255
643	-0.665329
644	-0.651403
645	-0.637477
646	-0.623551
647	-0.609625
648	-0.595699
649	-0.580161
650	-0.564624
651	-0.549086
652	-0.533548
653	-0.51801
654	-0.502472
655	-0.486935
656	-0.471397
657	-0.454583
658	-0.43777
659	-0.420957
660	-0.404143
661	-0.38733
662	-0.370517
663	-0.353703
664	-0.33689
665	-0.319165
666	-0.30144
667	-0.283715
668	-0.26599
669	-0.248265
670	-0.23054
671	-0.212815
672	-0.19509
673	-0.176837
674	-0.158585
675	-0.140332
676	-0.122079
677	-0.103826
678	-0.0855733
679	-0.0673205
680	-0.0490677
681	-0.0306821
682	-0.0122965
683	0.00608913
684	0.0244747
685	0.0428603
686	0.0612459
687	0.0796315
688	0.0980171
689	0.116138
690	0.134258
691	0.152378
692	0.170499
693	0.188619
694	0.206739
695	0.22486
696	0.24298
697	0.260443
698	0.277906
699	0.295369
700	0.312832
701	0.330295
702	0.347758
703	0.365221
704	0.382683
705	0.399111
706	0.415538
707	0.431966
708	0.448393
709	0.464821
710	0.481248
711	0.497675
712	0.514103
713	0.529139
714	0.544175
715	0.559212
716	0.574248
717	0.589284
718	0.604321
719	0.619357
720	0.634393
721	0.647713
722	0.661033
723	0.674352
724	0.687672
725	0.700992
726	0.714312
727	0.727631
728	0.740951
729	0.752266
730	0.763581
731	0.774896
732	0.78621
733	0.797525
734	0.80884
735	0.820155
736	0.83147
737	0.840535
738	0.8496
739	0.858664
740	0.867729
741	0.876794
742	0.885859
743	0.894924
744	0.903989
745	0.910608
746	0.917227
747	0.923846
748	0.930465
749	0.937084
750	0.943703
751	0.950321
752	0.95694
753	0.96097
754	0.964999
755	0.969029
756	0.973058
757	0.977088
758	0.981117
759	0.985147
760	0.989177
761	0.990529
762	0.991882
763	0.993235
764	0.994588
765	0.995941
766	0.997294
767	0.998647
768	1
769	0.998647
770	0.997294
771	0.995941
772	0.994588
773	0.993235
774	0.991882
775	0.990529
776	0.989177
777	0.985147
778	0.981117
779	0.977088
780	0.973058
781	0.969029
782	0.964999
783	0.96097
784	0.95694
785	0.950321
786	0.943703
787	0.937084
788	0.930465
789	0.923846
790	0.917227
791	0.910608
792	0.903989
793	0.894924
794	0.885859
795	0.876794
796	0.867729
797	0.858664
798	0.8496
799	0.840535
800	0.83147
801	0.820155
802	0.80884
803	0.797525
804	0.78621
805	0.774896
806	0.763581
807	0.752266
808	0.740951
809	0.727631
810	0.714312
811	0.700992
812	0.687672
813	0.674352
814	0.661033
815	0.647713
816	0.634393
817	0.619357
818	0.604321
819	0.589284
820	0.574248
821	0.559212
822	0.544175
823	0.529139
824	0.514103
825	0.497675
826	0.481248
827	0.464821
828	0.448393
829	0.431966
830	0.415538
831	0.399111
832	0.382683
833	0.365221
834	0.347758
835	0.330295
836	0.312832
837	0.295369
838	0.277906
839	0.260443
840	0.24298
841	0.22486
842	0.206739
843	0.188619
844	0.170499
845	0.152378
846	0.134258
847	0.116138
848	0.0980171
849	0.0796315
850	0.0612459
851	0.0428603
852	0.0244747
853	0.00608913
854	-0.0122965
855	-0.0306821
856	-0.0490677
857	-0.0673205
858	-0.0855733
859	-0.103826
860	-0.122079
861	-0.140332
862	-0.158585
863	-0.176837
864	-0.19509
865	-0.212815
866	-0.23054
867	-0.248265
868	-0.26599
869	-0.283715
870	-0.30144
871	-0.319165
872	-0.33689
873	-0.353703
874	-0.370517
875	-0.38733
876	-0.404143
877	-0.420957
878	-0.43777
879	-0.454583
880	-0.471397
881	-0.486935
882	-0.502472
883	-0.51801
884	-0.533548
885	-0.549086
886	-0.564624
887	-0.580161
888	-0.595699
889	-0.609625
890	-0.623551
891	-0.637477
892	-0.651403
893	-0.665329
894	-0.679255
895	-0.693181
896	-0.707107
897	-0.719119
898	-0.731132
899	-0.743145
900	-0.755157
901	-0.76717
902	-0.779182
903	-0.791195
904	-0.803208
905	-0.813047
906	-0.822886
907	-0.832725
908	-0.842564
909	-0.852404
910	-0.862243
911	-0.872082
912	-0.881921
913	-0.889374
914	-0.896827
915	-0.90428
916	-0.911733
917	-0.919186
918	-0.926638
919	-0.934091
920	-0.941544
921	-0.946449
922	-0.951354
923	-0.95626
924	-0.961165
925	-0.96607
926	-0.970975
927	-0.97588
928	-0.980785
929	-0.983037
930	-0.985288
931	-0.987539
932	-0.98979
933	-0.992042
934	-0.994293
935	-0.996544
936	-0.998795
937	-0.998344
938	-0.997893
939	-0.997441
940	-0.99699
941	-0.996539
942	-0.996087
943	-0.995636
944	-0.995185
945	-0.992041
946	-0.988896
947	-0.985752
948	-0.982608
949	-0.979464
950	-0.97632
951	-0.973175
952	-0.970031
953	-0.964262
954	-0.958493
955	-0.952724
956	-0.946955
957	-0.941186
958	-0.935417
959	-0.929648
960	-0.92388
961	-0.915611
962	-0.907342
963	-0.899073
964	-0.890804
965	-0.882535
966	-0.874266
967	-0.865997
968	-0.857729
969	-0.847139
970	-0.836549
971	-0.825959
972	-0.81537
973	-0.80478
974	-0.79419
975	-0.7836
976	-0.77301
977	-0.760329
978	-0.747648
979	-0.734966
980	-0.722285
981	-0.709603
982	-0.696922
983	-0.68424
984	-0.671559
985	-0.65706
986	-0.642562
987	-0.628063
988	-0.613565
989	-0.599066
990	-0.584567
991	-0.570069
992	-0.55557
993	-0.539568
994	-0.523566
995	-0.507565
996	-0.491563
997	-0.475561
998	-0.459559
999	-0.443557
1000	-0.427555
1001	-0.410396
1002	-0.393237
1003	-0.376079
1004	-0.35892
1005	-0.341761
1006	-0.324602
1007	-0.307443
1008	-0.290285
1009	-0.27234
1010	-0.254396
1011	-0.236452
1012	-0.218508
1013	-0.200563
1014	-0.182619
1015	-0.164675
1016	-0.14673
1017	-0.128786
1018	-0.110842
1019	-0.0928976
1020	-0.0749534
1021	-0.0570091
1022	-0.0390648
1023	-0.0211205
