512
513
513
512.5
512
510.5
507.5
506
513
513.5
505.5
508.5
510
503.5
501
502
493
489
489
486
476
472
472.5
461
458
465.5
455
450.5
456.5
452
448.5
441.5
436
437.5
429.5
425
428.5
412
413.5
419.5
403
397.5
395
392
389
379.5
382
380.5
379
376
364
357
366.5
368.5
352
345.5
338.5
349.5
355.5
344
342.5
341
335
366.5
371
348
353.5
357
363.5
359
364.5
356.5
363.5
372.5
353.5
355
378.5
365
357.5
382
377
388
397
385
388
401.5
407
415
419.5
430
439.5
450
462.5
463.5
469
471.5
481.5
489
491.5
502.5
501
500.5
514.5
542
559
551.5
542
548.5
559
566
571
563
570
572.5
587
586
588.5
612
606.5
601.5
588.5
612.5
643.5
630.5
620
615
603.5
807
809
605
615
620.5
631
643.5
610.5
588
603
606.5
610.5
588.5
585
585.5
573
570
562
569
565
559
548
541
549.5
556
540
512.5
499
500.5
502.5
492
489.5
480.5
469
467.5
462.5
461
448.5
439
430.5
419.5
415
406.5
401
388
384
395.5
385
373.5
380
358
366
378
353.5
353.5
374
364.5
356.5
363.5
357.5
363
357.5
353
348
371.5
367
335
341.5
343
343.5
355
348.5
338.5
347.5
354.5
368.5
366
356.5
365
378.5
379
379
380
378
389
393
395.5
398
404
420.5
415
413.5
429
425.5
431.5
439
435.5
441.5
450
453.5
457.5
452
455.5
466.5
459
460
471.5
472
477.5
487
489
488
491
502
503.5
504
510
509.5
506
514.5
514.5
506.5
506.5
509.5
512.5
514
513
513.5
513
512
