0.000000 0.000000 1.000000
0.202683 0.201299 0.979530
0.405367 0.394356 0.918958
0.608050 0.571268 0.820763
0.810734 0.724793 0.688967
1.013417 0.848644 0.528964
1.216100 0.937752 0.347305
1.418784 0.988468 0.151428
1.621467 0.998717 -0.050649
1.824151 0.968077 -0.250653
2.026834 0.897805 -0.440394
2.229517 0.790776 -0.612106
2.432201 0.651372 -0.758758
2.634884 0.485302 -0.874347
2.837568 0.299363 -0.954139
3.040251 0.101168 -0.994869
3.242934 -0.101168 -0.994869
3.445618 -0.299363 -0.954139
3.648301 -0.485302 -0.874347
3.850985 -0.651372 -0.758758
4.053668 -0.790776 -0.612106
4.256351 -0.897805 -0.440394
4.459035 -0.968077 -0.250653
4.661718 -0.998717 -0.050649
4.864402 -0.988468 0.151428
5.067085 -0.937752 0.347305
5.269768 -0.848644 0.528964
5.472452 -0.724793 0.688967
5.675135 -0.571268 0.820763
5.877819 -0.394356 0.918958
6.080502 -0.201299 0.979530
6.283185 -0.000000 1.000000
