0.000000 0.000000
0.202683 0.201299
0.405367 0.394356
0.608050 0.571268
0.810734 0.724793
1.013417 0.848644
1.216100 0.937752
1.418784 0.988468
1.621467 0.998717
1.824151 0.968077
2.026834 0.897805
2.229517 0.790776
2.432201 0.651372
2.634884 0.485302
2.837568 0.299363
3.040251 0.101168
3.242934 -0.101168
3.445618 -0.299363
3.648301 -0.485302
3.850985 -0.651372
4.053668 -0.790776
4.256351 -0.897805
4.459035 -0.968077
4.661718 -0.998717
4.864402 -0.988468
5.067085 -0.937752
5.269768 -0.848644
5.472452 -0.724793
5.675135 -0.571268
5.877819 -0.394356
6.080502 -0.201299
6.283185 -0.000000
