0.000000
0.244854
0.474802
0.675843
0.835739
0.944755
0.996254
0.987101
0.917853
0.792725
0.619337
0.408243
0.172295
-0.074143
-0.316066
-0.538748
-0.728630
-0.874153
-0.966457
-0.999924
-0.972514
-0.885898
-0.745348
-0.559421
-0.339436
-0.098786
0.147877
0.385538
0.599728
0.777405
0.907754
0.982839
0.998088
0.952574
0.849066
0.693867
0.496425
0.268761
0.024734
-0.220798
-0.452888
-0.657406
-0.821901
-0.936359
-0.993811
-0.990759
-0.927390
-0.807561
-0.638567
-0.430697
-0.196606
0.049454
0.292503
0.517745
0.711466
0.861873
0.959809
0.999312
0.977976
0.897101
0.761610
0.579752
0.362598
0.123370
-0.123370
-0.362598
-0.579752
-0.761610
-0.897101
-0.977976
-0.999312
-0.959809
-0.861873
-0.711466
-0.517745
-0.292503
-0.049454
0.196606
0.430697
0.638567
0.807561
0.927390
0.990759
0.993811
0.936359
0.821901
0.657406
0.452888
0.220798
-0.024734
-0.268761
-0.496425
-0.693867
-0.849066
-0.952574
-0.998088
-0.982839
-0.907754
-0.777405
-0.599728
-0.385538
-0.147877
0.098786
0.339436
0.559421
0.745348
0.885898
0.972514
0.999924
0.966457
0.874153
0.728630
0.538748
0.316066
0.074143
-0.172295
-0.408243
-0.619337
-0.792725
-0.917853
-0.987101
-0.996254
-0.944755
-0.835739
-0.675843
-0.474802
-0.244854
-0.000000
