0.0101013
0.0258789
0.0438538
0.0526123
0.0504456
0.0477295
0.0487976
0.0566101
0.063446
0.0614929
0.0576477
0.0575562
0.0631409
0.0635376
0.0533752
0.0443726
0.0414124
0.0372314
0.032196
0.0285034
0.026886
0.0265808
0.0244751
0.0247192
0.0476379
0.125122
0.249207
0.343353
0.347321
0.311279
0.292908
0.311768
0.359192
0.377472
0.349518
0.303925
0.268829
0.247894
0.209351
0.163269
0.121521
0.0402832
-0.0666809
-0.131439
-0.126251
-0.102783
-0.118622
-0.17041
-0.227661
-0.284943
-0.32196
-0.334076
-0.35199
-0.370972
-0.372345
-0.349731
-0.319946
-0.282532
-0.258698
-0.271332
-0.260986
-0.194092
-0.119598
-0.0841675
-0.0675354
-0.0594788
-0.053894
-0.0308533
0.00866699
0.0502625
0.0708008
0.0246582
-0.0375671
-0.018158
0.00744629
-0.0235596
-0.0663452
-0.0693665
-0.0648804
-0.0832214
-0.0707397
-0.0415039
-0.0506287
-0.0869751
-0.124207
-0.144684
-0.130951
-0.0800781
-0.0522461
-0.113464
-0.189636
-0.192108
-0.149902
-0.139404
-0.156769
-0.152527
-0.142029
-0.157837
-0.151184
-0.110291
-0.113556
-0.156433
-0.139343
-0.0627441
-0.012207
-0.0209045
-0.0578613
-0.0527954
-0.0179138
-0.0103149
-0.0311279
-0.0476379
-0.0678101
-0.088562
-0.0568542
0.00753784
0.0282593
-0.00579834
-0.0188293
-0.00604248
-0.00286865
0.00997925
0.0361938
0.0484009
0.0307007
0.00787354
0.00790405
0.0126953

