   0.0000e+00   4.6000e+02
   4.9474e-02   4.6400e+02
   9.8948e-02   4.7500e+02
   1.4842e-01   4.5800e+02
   1.9790e-01   4.6600e+02
   2.4737e-01   4.7300e+02
   2.9684e-01   4.8900e+02
   3.4632e-01   4.8100e+02
   3.9579e-01   4.7800e+02
   4.4527e-01   4.7600e+02
   4.9474e-01   4.5100e+02
   5.4421e-01   4.8700e+02
   5.9369e-01   4.8100e+02
   6.4316e-01   4.8700e+02
   6.9264e-01   4.9300e+02
   7.4211e-01   5.0100e+02
   7.9158e-01   5.0200e+02
   8.4106e-01   5.0700e+02
   8.9053e-01   4.9700e+02
   9.4000e-01   5.3000e+02
   9.8948e-01   5.7400e+02
   1.0390e+00   5.0500e+02
   1.0884e+00   5.5000e+02
   1.1379e+00   5.8300e+02
   1.1874e+00   5.7000e+02
   1.2368e+00   5.7300e+02
   1.2863e+00   5.6000e+02
   1.3358e+00   5.5500e+02
   1.3853e+00   5.7600e+02
   1.4347e+00   5.7600e+02
   1.4842e+00   5.9600e+02
   1.5337e+00   5.6300e+02
   1.5832e+00   5.8300e+02
   1.6326e+00   5.8900e+02
   1.6821e+00   6.1000e+02
   1.7316e+00   6.0000e+02
   1.7811e+00   5.8700e+02
   1.8305e+00   5.9400e+02
   1.8800e+00   6.1500e+02
   1.9295e+00   6.0300e+02
   1.9790e+00   6.1300e+02
   2.0284e+00   6.2800e+02
   2.0779e+00   5.9700e+02
   2.1274e+00   6.3300e+02
   2.1769e+00   5.8900e+02
   2.2263e+00   5.8000e+02
   2.2758e+00   5.8300e+02
   2.3253e+00   5.8100e+02
   2.3747e+00   5.8600e+02
   2.4242e+00   6.1100e+02
   2.4737e+00   5.8700e+02
   2.5232e+00   5.4900e+02
   2.5726e+00   5.7400e+02
   2.6221e+00   6.0700e+02
   2.6716e+00   5.9800e+02
   2.7211e+00   6.1900e+02
   2.7705e+00   6.5300e+02
   2.8200e+00   6.3100e+02
   2.8695e+00   6.2500e+02
   2.9190e+00   6.2900e+02
   2.9684e+00   6.4400e+02
   3.0179e+00   1.0240e+03
   3.0674e+00   6.3600e+02
   3.1169e+00   6.1900e+02
   3.1663e+00   6.1300e+02
   3.2158e+00   6.3100e+02
   3.2653e+00   6.3000e+02
   3.3148e+00   6.3500e+02
   3.3642e+00   5.8700e+02
   3.4137e+00   6.1100e+02
   3.4632e+00   5.6300e+02
   3.5126e+00   5.5100e+02
   3.5621e+00   5.9500e+02
   3.6116e+00   6.1700e+02
   3.6611e+00   5.8800e+02
   3.7105e+00   5.5800e+02
   3.7600e+00   5.7300e+02
   3.8095e+00   6.0400e+02
   3.8590e+00   6.0000e+02
   3.9084e+00   5.8900e+02
   3.9579e+00   5.9100e+02
   4.0074e+00   5.9800e+02
   4.0569e+00   6.1900e+02
   4.1063e+00   5.4600e+02
   4.1558e+00   5.9000e+02
   4.2053e+00   6.1600e+02
   4.2548e+00   6.1500e+02
   4.3042e+00   5.8000e+02
   4.3537e+00   5.9200e+02
   4.4032e+00   5.6100e+02
   4.4527e+00   6.0200e+02
   4.5021e+00   6.0600e+02
   4.5516e+00   6.2300e+02
   4.6011e+00   5.9900e+02
   4.6505e+00   5.8800e+02
   4.7000e+00   5.9900e+02
   4.7495e+00   6.0300e+02
   4.7990e+00   5.8000e+02
   4.8484e+00   6.2600e+02
   4.8979e+00   6.0400e+02
   4.9474e+00   5.9900e+02
   4.9969e+00   5.6000e+02
   5.0463e+00   5.7400e+02
   5.0958e+00   6.3100e+02
   5.1453e+00   6.3900e+02
   5.1948e+00   6.0500e+02
   5.2442e+00   5.9800e+02
   5.2937e+00   6.1100e+02
   5.3432e+00   5.8300e+02
   5.3927e+00   6.0900e+02
   5.4421e+00   5.4800e+02
   5.4916e+00   5.8700e+02
   5.5411e+00   6.1500e+02
   5.5906e+00   5.6000e+02
   5.6400e+00   5.9400e+02
   5.6895e+00   5.8900e+02
   5.7390e+00   5.9200e+02
   5.7884e+00   5.5300e+02
   5.8379e+00   5.7400e+02
   5.8874e+00   5.8200e+02
   5.9369e+00   6.0600e+02
   5.9863e+00   5.9700e+02
   6.0358e+00   5.8200e+02
   6.0853e+00   6.1700e+02
   6.1348e+00   6.3300e+02
   6.1842e+00   6.0400e+02
   6.2337e+00   6.1400e+02
   6.2832e+00   6.1400e+02
