   0.00000   0.31177
   0.20268   0.35919
   0.40537   0.37747
   0.60805   0.34952
   0.81073   0.30393
   1.01342   0.26883
   1.21610   0.24789
   1.41878   0.20935
   1.62147   0.16327
   1.82415   0.12152
   2.02683   0.04028
   2.22952  -0.06668
   2.43220  -0.13144
   2.63488  -0.12625
   2.83757  -0.10278
   3.04025  -0.11862
   3.24293  -0.17041
   3.44562  -0.22766
   3.64830  -0.28494
   3.85099  -0.32196
   4.05367  -0.33408
   4.25635  -0.35199
   4.45904  -0.37097
   4.66172  -0.37234
   4.86440  -0.34973
   5.06708  -0.31995
   5.26977  -0.28253
   5.47245  -0.25870
   5.67514  -0.27133
   5.87782  -0.26099
   6.08050  -0.19409
   6.28318  -0.11960
