   0.00000   0.01010
   0.04947   0.02588
   0.09895   0.04385
   0.14842   0.05261
   0.19790   0.05045
   0.24737   0.04773
   0.29684   0.04880
   0.34632   0.05661
   0.39579   0.06345
   0.44527   0.06149
   0.49474   0.05765
   0.54421   0.05756
   0.59369   0.06314
   0.64316   0.06354
   0.69264   0.05338
   0.74211   0.04437
   0.79158   0.04141
   0.84106   0.03723
   0.89053   0.03220
   0.94000   0.02850
   0.98948   0.02689
   1.03895   0.02658
   1.08843   0.02448
   1.13790   0.02472
   1.18737   0.04764
   1.23685   0.12512
   1.28632   0.24921
   1.33580   0.34335
   1.38527   0.34732
   1.43474   0.31128
   1.48422   0.29291
   1.53369   0.31177
   1.58316   0.35919
   1.63264   0.37747
   1.68211   0.34952
   1.73159   0.30393
   1.78106   0.26883
   1.83053   0.24789
   1.88001   0.20935
   1.92948   0.16327
   1.97896   0.12152
   2.02843   0.04028
   2.07790  -0.06668
   2.12738  -0.13144
   2.17685  -0.12625
   2.22633  -0.10278
   2.27580  -0.11862
   2.32527  -0.17041
   2.37475  -0.22766
   2.42422  -0.28494
   2.47370  -0.32196
   2.52317  -0.33408
   2.57264  -0.35199
   2.62212  -0.37097
   2.67159  -0.37234
   2.72106  -0.34973
   2.77054  -0.31995
   2.82001  -0.28253
   2.86949  -0.25870
   2.91896  -0.27133
   2.96843  -0.26099
   3.01791  -0.19409
   3.06738  -0.11960
   3.11686  -0.08417
   3.16633  -0.06754
   3.21580  -0.05948
   3.26528  -0.05389
   3.31475  -0.03085
   3.36422   0.00867
   3.41370   0.05026
   3.46317   0.07080
   3.51265   0.02466
   3.56212  -0.03757
   3.61159  -0.01816
   3.66107   0.00745
   3.71054  -0.02356
   3.76002  -0.06635
   3.80949  -0.06937
   3.85896  -0.06488
   3.90844  -0.08322
   3.95791  -0.07074
   4.00739  -0.04150
   4.05686  -0.05063
   4.10633  -0.08698
   4.15581  -0.12421
   4.20528  -0.14468
   4.25476  -0.13095
   4.30423  -0.08008
   4.35370  -0.05225
   4.40318  -0.11346
   4.45265  -0.18964
   4.50213  -0.19211
   4.55160  -0.14990
   4.60107  -0.13940
   4.65055  -0.15677
   4.70002  -0.15253
   4.74949  -0.14203
   4.79897  -0.15784
   4.84844  -0.15118
   4.89792  -0.11029
   4.94739  -0.11356
   4.99686  -0.15643
   5.04634  -0.13934
   5.09581  -0.06274
   5.14529  -0.01221
   5.19476  -0.02090
   5.24423  -0.05786
   5.29371  -0.05280
   5.34318  -0.01791
   5.39266  -0.01031
   5.44213  -0.03113
   5.49160  -0.04764
   5.54108  -0.06781
   5.59055  -0.08856
   5.64002  -0.05685
   5.68950   0.00754
   5.73897   0.02826
   5.78845  -0.00580
   5.83792  -0.01883
   5.88739  -0.00604
   5.93687  -0.00287
   5.98634   0.00998
   6.03582   0.03619
   6.08529   0.04840
   6.13476   0.03070
   6.18424   0.00787
   6.23371   0.00790
   6.28318   0.01270