0.000000
0.049474
0.098948
0.148422
0.197896
0.247370
0.296843
0.346317
0.395791
0.445265
0.494739
0.544213
0.593687
0.643161
0.692635
0.742109
0.791582
0.841056
0.890530
0.940004
0.989478
1.038952
1.088426
1.137900
1.187374
1.236848
1.286321
1.335795
1.385269
1.434743
1.484217
1.533691
1.583165
1.632639
1.682113
1.731587
1.781060
1.830534
1.880008
1.929482
1.978956
2.028430
2.077904
2.127378
2.176852
2.226326
2.275799
2.325273
2.374747
2.424221
2.473695
2.523169
2.572643
2.622117
2.671591
2.721065
2.770538
2.820012
2.869486
2.918960
2.968434
3.017908
3.067382
3.116856
3.166330
3.215804
3.265277
3.314751
3.364225
3.413699
3.463173
3.512647
3.562121
3.611595
3.661069
3.710543
3.760016
3.809490
3.858964
3.908438
3.957912
4.007386
4.056860
4.106334
4.155808
4.205282
4.254755
4.304229
4.353703
4.403177
4.452651
4.502125
4.551599
4.601073
4.650547
4.700021
4.749494
4.798968
4.848442
4.897916
4.947390
4.996864
5.046338
5.095812
5.145286
5.194760
5.244233
5.293707
5.343181
5.392655
5.442129
5.491603
5.541077
5.590551
5.640025
5.689499
5.738972
5.788446
5.837920
5.887394
5.936868
5.986342
6.035816
6.085290
6.134764
6.184238
6.233711
6.283185
