0.000000
0.099733
0.199466
0.299199
0.398932
0.498666
0.598399
0.698132
0.797865
0.897598
0.997331
1.097064
1.196797
1.296530
1.396263
1.495997
1.595730
1.695463
1.795196
1.894929
1.994662
2.094395
2.194128
2.293861
2.393594
2.493328
2.593061
2.692794
2.792527
2.892260
2.991993
3.091726
3.191459
3.291192
3.390925
3.490659
3.590392
3.690125
3.789858
3.889591
3.989324
4.089057
4.188790
4.288523
4.388256
4.487990
4.587723
4.687456
4.787189
4.886922
4.986655
5.086388
5.186121
5.285854
5.385587
5.485321
5.585054
5.684787
5.784520
5.884253
5.983986
6.083719
6.183452