0.000000 0.000000
0.202683 1.670000
0.405367 3.340000
0.608050 5.010000
0.810734 6.680000
1.013417 8.350000
1.216100 10.000000
1.418784 8.330000
1.621467 6.660000
1.824151 4.990000
2.026834 3.320000
2.229517 1.650000
2.432201 0.000000
2.634884 0.000000
2.837568 0.000000
3.040251 0.000000
3.242934 0.000000
3.445618 0.000000
3.648301 0.000000
3.850985 0.000000
4.053668 0.000000
4.256351 0.000000
4.459035 0.000000
4.661718 0.000000
4.864402 0.000000
5.067085 0.000000
5.269768 0.000000
5.472452 0.000000
5.675135 0.000000
5.877819 0.000000
6.080502 0.000000
6.283185 0.000000
